epoch (ms),time (01:00),elapsed (s),w (number),x (number),y (number), z (number)
1680876957891,2023-04-07T16:15:57.891,17.751,1.000,-0.006,-0.011,0.003
1680876957901,2023-04-07T16:15:57.901,17.761,1.000,-0.006,-0.011,0.003
1680876957911,2023-04-07T16:15:57.911,17.771,1.000,-0.006,-0.011,0.003
1680876957922,2023-04-07T16:15:57.922,17.782,1.000,-0.006,-0.011,0.003
1680876957932,2023-04-07T16:15:57.932,17.792,1.000,-0.006,-0.011,0.003
1680876957941,2023-04-07T16:15:57.941,17.801,1.000,-0.006,-0.011,0.003
1680876957951,2023-04-07T16:15:57.951,17.811,1.000,-0.006,-0.011,0.003
1680876957961,2023-04-07T16:15:57.961,17.821,1.000,-0.006,-0.011,0.003
1680876957971,2023-04-07T16:15:57.971,17.831,1.000,-0.006,-0.011,0.003
1680876957982,2023-04-07T16:15:57.982,17.842,1.000,-0.006,-0.011,0.003
1680876957991,2023-04-07T16:15:57.991,17.851,1.000,-0.006,-0.011,0.003
1680876958001,2023-04-07T16:15:58.001,17.861,1.000,-0.006,-0.011,0.003
1680876958011,2023-04-07T16:15:58.011,17.871,1.000,-0.006,-0.011,0.003
1680876958021,2023-04-07T16:15:58.021,17.881,1.000,-0.006,-0.011,0.003
1680876958030,2023-04-07T16:15:58.030,17.890,1.000,-0.006,-0.011,0.003
1680876958040,2023-04-07T16:15:58.040,17.900,1.000,-0.006,-0.011,0.003
1680876958051,2023-04-07T16:15:58.051,17.911,1.000,-0.006,-0.011,0.003
1680876958061,2023-04-07T16:15:58.061,17.921,1.000,-0.006,-0.011,0.003
1680876958071,2023-04-07T16:15:58.071,17.931,1.000,-0.006,-0.011,0.003
1680876958080,2023-04-07T16:15:58.080,17.940,1.000,-0.006,-0.011,0.003
1680876958090,2023-04-07T16:15:58.090,17.950,1.000,-0.006,-0.011,0.003
1680876958100,2023-04-07T16:15:58.100,17.960,1.000,-0.006,-0.011,0.003
1680876958111,2023-04-07T16:15:58.111,17.971,1.000,-0.006,-0.011,0.003
1680876958121,2023-04-07T16:15:58.121,17.981,1.000,-0.006,-0.011,0.003
1680876958130,2023-04-07T16:15:58.130,17.990,1.000,-0.006,-0.011,0.003
1680876958140,2023-04-07T16:15:58.140,18.000,1.000,-0.006,-0.011,0.003
1680876958150,2023-04-07T16:15:58.150,18.010,1.000,-0.006,-0.011,0.003
1680876958160,2023-04-07T16:15:58.160,18.020,1.000,-0.006,-0.011,0.003
1680876958171,2023-04-07T16:15:58.171,18.031,1.000,-0.006,-0.011,0.003
1680876958181,2023-04-07T16:15:58.181,18.041,1.000,-0.006,-0.011,0.003
1680876958190,2023-04-07T16:15:58.190,18.050,1.000,-0.006,-0.011,0.003
1680876958200,2023-04-07T16:15:58.200,18.060,1.000,-0.006,-0.011,0.003
1680876958210,2023-04-07T16:15:58.210,18.070,1.000,-0.006,-0.011,0.003
1680876958221,2023-04-07T16:15:58.221,18.081,1.000,-0.006,-0.011,0.003
1680876958229,2023-04-07T16:15:58.229,18.089,1.000,-0.006,-0.011,0.003
1680876958240,2023-04-07T16:15:58.240,18.100,1.000,-0.006,-0.011,0.003
1680876958250,2023-04-07T16:15:58.250,18.110,1.000,-0.006,-0.011,0.003
1680876958260,2023-04-07T16:15:58.260,18.120,1.000,-0.006,-0.011,0.003
1680876958269,2023-04-07T16:15:58.269,18.129,1.000,-0.006,-0.011,0.003
1680876958279,2023-04-07T16:15:58.279,18.139,1.000,-0.006,-0.011,0.003
1680876958289,2023-04-07T16:15:58.289,18.149,1.000,-0.006,-0.011,0.003
1680876958300,2023-04-07T16:15:58.300,18.160,1.000,-0.006,-0.011,0.003
1680876958310,2023-04-07T16:15:58.310,18.170,1.000,-0.006,-0.011,0.003
1680876958319,2023-04-07T16:15:58.319,18.179,1.000,-0.006,-0.011,0.003
1680876958329,2023-04-07T16:15:58.329,18.189,1.000,-0.006,-0.011,0.003
1680876958339,2023-04-07T16:15:58.339,18.199,1.000,-0.006,-0.011,0.003
1680876958349,2023-04-07T16:15:58.349,18.209,1.000,-0.006,-0.011,0.003
1680876958360,2023-04-07T16:15:58.360,18.220,1.000,-0.006,-0.011,0.003
1680876958368,2023-04-07T16:15:58.368,18.228,1.000,-0.006,-0.011,0.003
1680876958379,2023-04-07T16:15:58.379,18.239,1.000,-0.006,-0.011,0.003
1680876958389,2023-04-07T16:15:58.389,18.249,1.000,-0.006,-0.011,0.003
1680876958399,2023-04-07T16:15:58.399,18.259,1.000,-0.006,-0.011,0.003
1680876958409,2023-04-07T16:15:58.409,18.269,1.000,-0.006,-0.011,0.003
1680876958418,2023-04-07T16:15:58.418,18.278,1.000,-0.006,-0.011,0.003
1680876958429,2023-04-07T16:15:58.429,18.289,1.000,-0.006,-0.011,0.003
1680876958439,2023-04-07T16:15:58.439,18.299,1.000,-0.006,-0.011,0.003
1680876958449,2023-04-07T16:15:58.449,18.309,1.000,-0.006,-0.011,0.003
1680876958459,2023-04-07T16:15:58.459,18.319,1.000,-0.006,-0.011,0.003
1680876958468,2023-04-07T16:15:58.468,18.328,1.000,-0.006,-0.011,0.003
1680876958478,2023-04-07T16:15:58.478,18.338,1.000,-0.006,-0.011,0.003
1680876958489,2023-04-07T16:15:58.489,18.349,1.000,-0.006,-0.011,0.003
1680876958499,2023-04-07T16:15:58.499,18.359,1.000,-0.006,-0.011,0.003
1680876958509,2023-04-07T16:15:58.509,18.369,1.000,-0.006,-0.011,0.003
1680876958518,2023-04-07T16:15:58.518,18.378,1.000,-0.006,-0.011,0.003
1680876958528,2023-04-07T16:15:58.528,18.388,1.000,-0.006,-0.011,0.003
1680876958538,2023-04-07T16:15:58.538,18.398,1.000,-0.006,-0.011,0.003
1680876958549,2023-04-07T16:15:58.549,18.409,1.000,-0.006,-0.011,0.003
1680876958557,2023-04-07T16:15:58.557,18.417,1.000,-0.006,-0.011,0.003
1680876958568,2023-04-07T16:15:58.568,18.428,1.000,-0.006,-0.011,0.003
1680876958578,2023-04-07T16:15:58.578,18.438,1.000,-0.006,-0.011,0.003
1680876958588,2023-04-07T16:15:58.588,18.448,1.000,-0.006,-0.011,0.003
1680876958598,2023-04-07T16:15:58.598,18.458,1.000,-0.006,-0.011,0.003
1680876958607,2023-04-07T16:15:58.607,18.467,1.000,-0.006,-0.011,0.003
1680876958617,2023-04-07T16:15:58.617,18.477,1.000,-0.006,-0.011,0.003
1680876958628,2023-04-07T16:15:58.628,18.488,1.000,-0.006,-0.011,0.003
1680876958638,2023-04-07T16:15:58.638,18.498,1.000,-0.006,-0.011,0.003
1680876958648,2023-04-07T16:15:58.648,18.508,1.000,-0.006,-0.011,0.003
1680876958657,2023-04-07T16:15:58.657,18.517,1.000,-0.006,-0.011,0.003
1680876958667,2023-04-07T16:15:58.667,18.527,1.000,-0.006,-0.011,0.003
1680876958678,2023-04-07T16:15:58.678,18.538,1.000,-0.006,-0.011,0.003
1680876958688,2023-04-07T16:15:58.688,18.548,1.000,-0.006,-0.011,0.003
1680876958698,2023-04-07T16:15:58.698,18.558,1.000,-0.006,-0.011,0.003
1680876958707,2023-04-07T16:15:58.707,18.567,1.000,-0.006,-0.011,0.003
1680876958717,2023-04-07T16:15:58.717,18.577,1.000,-0.006,-0.011,0.003
1680876958727,2023-04-07T16:15:58.727,18.587,1.000,-0.006,-0.011,0.003
1680876958738,2023-04-07T16:15:58.738,18.598,1.000,-0.006,-0.011,0.003
1680876958748,2023-04-07T16:15:58.748,18.608,1.000,-0.006,-0.011,0.003
1680876958757,2023-04-07T16:15:58.757,18.617,1.000,-0.006,-0.011,0.003
1680876958767,2023-04-07T16:15:58.767,18.627,1.000,-0.006,-0.011,0.003
1680876958777,2023-04-07T16:15:58.777,18.637,1.000,-0.006,-0.011,0.003
1680876958787,2023-04-07T16:15:58.787,18.647,1.000,-0.006,-0.011,0.003
1680876958798,2023-04-07T16:15:58.798,18.658,1.000,-0.006,-0.011,0.003
1680876958806,2023-04-07T16:15:58.806,18.666,1.000,-0.006,-0.011,0.003
1680876958817,2023-04-07T16:15:58.817,18.677,1.000,-0.006,-0.011,0.003
1680876958827,2023-04-07T16:15:58.827,18.687,1.000,-0.006,-0.011,0.003
1680876958837,2023-04-07T16:15:58.837,18.697,1.000,-0.006,-0.011,0.003
1680876958846,2023-04-07T16:15:58.846,18.706,1.000,-0.006,-0.011,0.003
1680876958856,2023-04-07T16:15:58.856,18.716,1.000,-0.006,-0.011,0.003
1680876958867,2023-04-07T16:15:58.867,18.727,1.000,-0.006,-0.011,0.003
1680876958877,2023-04-07T16:15:58.877,18.737,1.000,-0.006,-0.011,0.003
